2014-02-3 2.9 17.6 0 2549 20:22 0
2014-02-3 2.9 17.6 0 2549 20:23 0
2014-02-3 2.8 17.6 0 2549 20:30 0
2014-02-3 2.7 17.7 0 2549 20:40 0
2014-02-3 2.6 17.7 0 2549 20:50 0
2014-02-3 2.5 17.7 0 2549 21:00 0
2014-02-3 2.4 17.8 0 2549 21:20 0
2014-02-3 2.3 17.8 0 2549 21:30 0
2014-02-3 2.2 17.5 0 2549 21:40 0
2014-02-3 2.2 17.5 0 2549 21:50 0
2014-02-3 2.2 17.5 0 2549 22:00 0
2014-02-3 2.1 10.7 0 2549 22:10 0
2014-02-3 2.2 10.1 0 2549 22:20 0
2014-02-3 2.3 10.1 0 2549 22:30 0
2014-02-3 2.4 10.1 0 2549 22:40 0
2014-02-3 2.5 10.2 0 2549 22:50 0
2014-02-3 2.7 10.2 0 2549 23:00 0
2014-02-3 3.1 10.3 0 2549 23:20 0
2014-02-3 3.3 10.3 0 2549 23:30 0
2014-02-3 3.4 10.3 0 2549 23:40 0
2014-02-3 3.5 10.4 0 2549 23:50 0
2014-02-3 3.6 10.4 0 2549 00:00 0
2014-02-3 3.7 10.4 0 2549 00:10 0
2014-02-3 3.8 10.4 0 2549 00:20 0
2014-02-3 3.9 10.5 0 2549 00:30 0
2014-02-3 3.9 10.5 0 2549 00:40 0
2014-02-3 4.0 10.5 0 2549 00:50 0
