00:10,8.7,15.1,0,3796,0,
00:20,8.7,15.1,0,3796,0,
00:30,8.7,15.1,0,3796,0,
00:40,8.7,15.1,0,3796,0,
00:50,8.6,15.1,0,3796,0,
01:00,8.6,15.1,0,3796,0,
01:10,8.6,15.1,0,3796,0,
01:20,8.5,15.1,0,3796,0,
01:30,8.5,15.1,0,3796,0,
01:40,8.5,15.2,0,3796,0,
01:50,8.5,15.2,0,3796,0,
01:59,8.4,15.2,0,3796,0,
02:09,8.4,15.2,0,3796,0,
02:19,8.4,15.2,0,3796,0,
02:29,8.4,15.2,0,3796,0,
02:39,8.4,15.2,0,3796,0,
02:49,8.4,15.2,0,3796,0,
02:59,8.4,15.2,0,3796,0,
03:09,8.4,15.2,0,3796,0,
03:19,8.4,15.2,0,3796,0,
03:29,8.4,15.3,0,3796,0,
03:39,8.4,15.3,0,3796,0,
03:49,8.4,15.3,0,3796,0,
03:59,8.4,15.3,0,3796,0,
04:09,8.5,15.3,0,3796,0,
04:19,8.5,15.3,0,3796,0,
04:29,8.5,15.3,0,3796,0,
04:39,8.5,15.3,0,3796,0,
04:49,8.5,15.3,0,3796,0,
04:59,8.5,15.3,0,3796,0,
05:09,8.5,15.3,0,3796,0,
05:19,8.5,15.3,0,3796,0,
05:29,8.6,15.3,0,3796,0,
05:39,8.6,15.3,0,3796,0,
05:49,8.6,15.4,0,3796,0,
05:59,8.6,15.4,0,3796,0,
06:09,8.7,15.4,0,3796,0,
06:19,8.7,15.4,0,3796,0,
06:29,8.7,15.4,0,3796,0,
06:39,8.8,15.4,0,3796,0,
06:49,8.8,15.5,0,3796,0,
07:09,8.9,15.4,0,3796,0,
07:19,8.9,15.5,0,3796,0,
07:29,9.0,15.5,0,3796,0,
07:39,9.1,15.5,0,3796,0,
07:49,9.2,15.5,0,3796,0,
07:59,9.3,15.5,0,3796,0,
08:19,9.7,15.6,0,3796,0,
08:29,10.3,15.6,0,3796,0,
09:00,11.0,15.6,0,3796,0,
09:10,11.9,15.7,0,3796,0,
09:30,12.4,15.8,0,3796,0,
09:40,12.9,15.8,0,3796,0,
09:50,12.8,15.8,0,3796,0,
10:00,12.6,15.8,0,3796,0,
10:20,12.2,15.8,0,3796,0,
10:40,12.9,15.8,0,3796,0,
10:50,12.9,15.8,0,3796,0,
11:00,13.0,15.9,0,3796,0,
11:10,13.4,15.9,0,3796,0,
11:20,14.2,15.9,0,3796,0,
11:29,14.7,15.9,0,3796,0,
11:39,14.9,15.9,0,3796,0,
11:59,15.7,15.9,0,3796,0,
12:09,15.4,16.0,0,3796,0,
12:19,15.6,16.0,0,3796,0,
12:29,16.2,16.0,0,3796,0,
12:39,15.8,16.1,0,3796,0,
12:49,15.5,16.2,0,3796,0,
12:59,16.3,16.2,0,3796,0,
13:09,19.0,16.2,0,3796,0,
13:19,20.6,16.3,0,3796,0,
13:29,20.4,16.3,0,3796,0,
13:39,18.3,16.4,0,3796,0,
13:49,17.4,16.4,0,3796,0,
13:59,17.3,16.4,0,3796,0,
14:09,17.2,16.4,0,3796,0,
14:19,16.4,16.5,0,3796,0,
14:29,16.8,16.5,0,3796,0,
14:39,17.7,16.5,0,3796,0,
14:49,18.0,16.5,0,3796,0,
14:59,19.0,16.6,0,3796,0,
15:09,17.9,16.6,0,3796,0,
15:19,16.2,16.4,0,3796,0,
15:29,14.8,16.4,0,3796,0,
15:39,13.8,16.5,0,3796,0,
15:49,12.9,16.5,0,3796,0,
15:59,12.1,16.6,0,3796,0,
16:09,11.3,16.6,0,3796,0,
16:19,10.3,16.6,0,3796,0,
16:29,9.9,16.7,0,3796,0,
16:39,9.4,16.7,0,3796,0,
16:49,9.0,16.7,0,3796,0,
16:59,8.8,16.8,0,3796,0,
17:29,7.9,17.0,0,3796,0,
17:39,7.6,17.0,0,3796,0,
17:49,7.5,17.1,0,3796,0,
17:59,7.4,17.2,0,3796,0,
18:09,7.3,17.2,0,3796,0,
18:29,7.5,17.2,0,3796,0,
18:39,7.7,17.0,0,3796,0,
18:49,7.9,17.1,0,3796,0,
19:00,8.1,17.1,0,3796,0,
19:10,8.2,17.2,0,3796,0,
19:20,8.3,17.2,0,3796,0,
19:30,8.4,17.2,0,3796,0,
19:40,8.4,17.3,0,3796,0,
19:50,8.5,17.3,0,3796,0,
20:00,8.5,17.3,0,3796,0,
20:10,8.5,17.4,0,3796,0,
20:20,8.5,17.4,0,3796,0,
20:40,8.3,17.6,0,3796,0,
21:02,7.8,17.6,0,3796,0,
21:09,7.9,17.7,0,3796,0,
21:29,7.6,17.7,0,3796,0,
21:39,7.4,17.7,0,3796,0,
21:49,7.3,17.7,0,3796,0,
21:59,7.0,17.7,0,3796,0,
22:09,6.8,17.8,0,3796,0,
22:19,6.6,17.8,0,3796,0,
22:29,6.5,17.8,0,3796,0,
22:39,6.3,17.9,0,3796,0,
22:49,6.2,17.9,0,3796,0,
22:59,6.1,17.9,0,3796,0,
23:09,6.0,17.9,0,3796,0,
23:19,6.2,17.9,0,3796,0,
23:39,6.5,18.0,0,3796,0,
23:49,6.5,18.0,0,3796,0,
