23:59,6.5,18.0,0,3796,0,
00:09,6.6,18.1,0,3796,0,
00:19,6.7,18.1,0,3796,0,
00:30,6.9,18.1,0,3796,0,
00:40,7.0,18.1,0,3796,0,
00:49,6.8,18.1,0,3796,0,
00:59,6.6,18.1,0,3796,0,
01:09,6.4,18.2,0,3796,0,
01:19,6.3,18.2,0,3796,0,
01:29,6.4,18.2,0,3796,0,
01:49,6.7,18.3,0,3796,0,
01:59,6.8,18.3,0,3796,0,
02:09,6.9,18.3,0,3796,0,
02:19,6.9,18.3,0,3796,0,
02:30,6.7,18.3,0,3796,0,
02:40,6.5,18.3,0,3796,0,
02:49,6.4,18.4,0,3796,0,
02:59,6.2,18.4,0,3796,0,
03:09,6.0,18.4,0,3796,0,
03:19,5.8,18.4,0,3796,0,
03:29,5.9,18.4,0,3796,0,
03:59,5.9,18.5,0,3796,0,
04:09,6.0,18.5,0,3796,0,
04:19,6.1,18.6,0,3796,0,
04:30,6.2,18.6,0,3796,0,
04:40,6.4,18.6,0,3796,0,
04:49,6.5,18.6,0,3796,0,
04:59,6.6,18.6,0,3796,0,
05:09,6.6,18.7,0,3796,0,
05:19,6.5,18.7,0,3796,0,
05:29,6.2,18.7,0,3796,0,
05:39,6.0,18.7,0,3796,0,
05:49,5.7,18.7,0,3796,0,
05:59,5.7,18.8,0,3796,0,
06:09,5.7,18.8,0,3796,0,
06:20,5.4,18.8,0,3796,0,
06:30,5.3,18.9,0,3796,0,
06:40,5.1,18.9,0,3796,0,
06:49,5.0,19.0,0,3796,0,
06:59,5.0,19.0,0,3796,0,
07:19,5.1,19.0,0,3796,0,
07:29,5.4,18.9,0,3796,0,
07:39,5.7,18.9,0,3796,0,
07:49,6.1,18.8,0,3796,0,
07:59,6.3,18.8,0,3796,0,
08:09,6.6,18.8,0,3796,0,
08:19,6.9,18.9,0,3796,0,
08:30,7.5,18.9,0,3796,0,
08:40,9.5,19.0,0,3796,0,
08:49,13.6,19.0,0,3796,0,
08:59,21.3,19.0,0,3796,0,
09:09,33.3,19.0,60,3796,0,
09:19,29.2,19.4,40,3796,0,
09:39,30.4,20.2,40,3796,0,
09:49,37.6,20.6,70,3796,0,
10:09,38.3,22.6,60,3797,0,
10:20,34.8,23.7,50,3797,0,
10:30,36.6,24.5,50,3797,0,
10:40,37.8,25.2,50,3797,0,
11:10,37.1,26.8,40,3798,0,
11:20,43.0,27.4,70,3798,0,
11:30,42.8,28.5,60,3798,0,
11:40,43.8,29.6,60,3798,0,
11:50,44.3,30.6,50,3798,0,
12:00,45.2,31.5,50,3798,0,
12:20,36.5,33.4,0,3799,0,
12:29,31.8,33.5,0,3799,0,
12:39,30.6,33.5,0,3799,0,
12:59,33.9,33.4,0,3799,0,
13:09,34.4,33.4,0,3799,0,
13:19,31.3,33.4,0,3799,0,
13:29,28.5,33.3,0,3799,0,
13:39,28.4,33.1,0,3799,0,
13:49,27.2,33.1,0,3799,0,
14:09,32.0,33.0,0,3799,0,
14:19,27.9,33.0,0,3799,0,
14:30,26.3,33.0,0,3799,0,
14:49,25.6,32.9,0,3799,0,
15:00,24.8,32.9,0,3799,0,
15:09,22.9,32.9,0,3799,0,
15:19,20.8,32.9,0,3799,0,
15:29,19.0,32.8,0,3799,0,
15:39,17.3,32.8,0,3799,0,
15:49,15.9,32.8,0,3799,0,
15:59,14.7,32.8,0,3799,0,
16:09,13.8,32.8,0,3799,0,
16:20,13.2,32.8,0,3799,0,
16:30,12.6,32.8,0,3799,0,
16:40,12.1,32.8,0,3799,0,
16:49,11.7,32.8,0,3799,0,
16:59,11.5,32.8,0,3799,0,
17:09,11.3,32.8,0,3799,0,
17:19,11.1,32.8,0,3799,0,
17:39,10.6,32.8,0,3799,0,
17:49,10.4,32.8,0,3799,0,
17:59,10.3,32.7,0,3799,0,
18:09,10.2,32.7,0,3799,0,
18:19,10.1,32.7,0,3799,0,
18:40,9.8,32.6,0,3799,0,
18:49,9.7,31.2,0,3799,0,
19:19,8.5,22.3,0,3799,0,
19:29,8.1,22.2,0,3799,0,
19:39,7.8,22.2,0,3799,0,
19:49,7.6,22.2,0,3799,0,
19:59,7.4,22.2,0,3799,0,
20:09,7.3,14.6,0,3799,0,
20:20,7.2,14.6,0,3799,0,
20:30,7.1,14.7,0,3799,0,
20:40,7.0,14.8,0,3799,0,
20:49,7.0,14.8,0,3799,0,
20:59,7.2,14.9,0,3799,0,
21:09,7.5,15.0,0,3799,0,
21:19,7.8,15.1,0,3799,0,
21:29,8.0,15.2,0,3799,0,
21:39,8.1,15.2,0,3799,0,
21:49,8.0,15.3,0,3799,0,
21:59,8.0,15.3,0,3799,0,
22:09,8.0,15.4,0,3799,0,
22:30,7.9,15.5,0,3799,0,
22:59,7.9,15.6,0,3799,0,
23:09,8.1,15.7,0,3799,0,
23:19,8.1,15.7,0,3799,0,
23:29,7.9,15.8,0,3799,0,
23:39,7.7,15.8,0,3799,0,
23:49,7.5,15.8,0,3799,0,
