23:59,7.5,15.9,0,3799,0,
00:09,7.5,15.9,0,3799,0,
00:19,7.3,15.9,0,3799,0,
00:30,7.0,15.9,0,3799,0,
00:40,6.9,16.0,0,3799,0,
00:49,6.6,16.0,0,3799,0,
00:59,6.5,16.0,0,3799,0,
02:41,6.3,16.1,63,161,659519,
01:19,6.2,16.1,0,3799,0,
01:29,6.0,16.2,0,3799,0,
01:49,5.8,16.2,0,3799,0,
01:59,6.1,16.2,0,3799,0,
02:09,6.3,16.3,0,3799,0,
02:30,6.0,16.3,0,3799,0,
02:40,5.9,16.3,0,3799,0,
02:49,5.7,16.4,0,3799,0,
02:59,5.6,16.4,0,3799,0,
03:29,5.5,16.5,0,3799,0,
03:39,5.6,16.5,0,3799,0,
03:49,5.9,16.5,0,3799,0,
04:09,6.4,16.6,0,3799,0,
04:19,6.6,16.6,0,3799,0,
04:30,6.8,16.6,0,3799,0,
04:59,7.2,16.7,0,3799,0,
05:09,7.3,16.7,0,3799,0,
05:19,7.4,16.7,0,3799,0,
05:39,7.5,16.8,0,3799,0,
06:19,7.6,16.9,0,3799,0,
06:30,7.6,16.9,0,3799,0,
06:40,7.4,16.9,0,3799,0,
06:49,7.1,17.0,0,3799,0,
06:59,6.8,17.0,0,3799,0,
07:19,6.4,17.1,0,3799,0,
07:29,6.4,16.8,0,3799,0,
07:49,7.0,16.6,0,3799,0,
07:59,7.5,16.7,0,3799,0,
08:09,8.0,16.7,0,3799,0,
08:19,8.4,16.8,0,3799,0,
08:40,9.7,16.9,0,3799,0,
08:49,10.4,16.9,0,3799,0,
08:59,11.0,16.9,0,3799,0,
09:29,14.1,17.0,0,3799,0,
09:49,16.2,17.0,0,3799,0,
09:59,16.4,17.1,0,3799,0,
10:09,16.4,17.1,0,3799,0,
10:30,18.9,17.2,0,3799,0,
10:40,19.7,17.2,0,3799,0,
10:50,20.1,17.2,0,3799,0,
11:00,20.2,17.2,0,3799,0,
11:10,19.9,17.2,0,3799,0,
11:20,19.5,17.3,0,3799,0,
11:30,19.6,17.2,0,3799,0,
11:40,20.1,17.2,0,3799,0,
12:00,22.1,17.3,0,3799,0,
12:10,24.3,17.3,0,3799,0,
12:20,26.6,17.3,0,3799,0,
12:29,30.6,17.3,50,3799,0,
12:39,29.8,16.9,50,3799,0,
12:49,26.6,17.2,40,3799,0,
12:59,26.5,17.6,30,3799,0,
13:09,29.1,17.8,40,3799,0,
13:19,35.1,18.1,70,3800,0,
13:29,34.5,19.0,60,3800,0,
13:39,30.1,19.8,40,3800,0,
13:49,31.1,20.3,40,3800,0,
13:59,29.3,20.6,30,3800,0,
14:09,32.6,20.8,40,3800,0,
14:20,32.0,21.0,50,3801,0,
14:30,30.2,21.3,30,3801,0,
14:40,28.7,21.6,30,3801,0,
14:49,26.8,21.6,30,3801,0,
14:59,24.5,21.7,0,3801,0,
15:09,22.4,21.7,0,3801,0,
15:19,19.4,21.8,0,3801,0,
15:29,16.7,21.8,0,3801,0,
15:39,14.7,21.8,0,3801,0,
15:49,13.1,21.8,0,3801,0,
15:59,11.8,21.8,0,3801,0,
16:09,10.7,21.9,0,3801,0,
16:20,9.8,21.9,0,3801,0,
16:30,9.2,21.9,0,3801,0,
16:40,8.7,21.9,0,3801,0,
16:50,8.3,21.9,0,3801,0,
03:39,7.9,21.9,79,219,897103,
17:10,7.7,21.9,0,3801,0,
17:19,7.5,21.2,0,3801,0,
17:29,7.4,20.6,0,3801,0,
17:39,7.3,20.6,0,3801,0,
17:49,7.1,20.6,0,3801,0,
18:09,7.2,20.6,0,3801,0,
18:19,7.3,20.6,0,3801,0,
18:30,7.4,20.6,0,3801,0,
18:40,7.5,20.6,0,3801,0,
18:49,7.6,20.6,0,3801,0,
18:59,7.8,20.6,0,3801,0,
19:09,7.9,20.6,0,3801,0,
19:19,7.9,20.6,0,3801,0,
19:49,7.6,20.6,0,3801,0,
19:59,7.5,20.6,0,3801,0,
20:09,7.4,20.2,0,3801,0,
20:19,7.3,20.2,0,3801,0,
20:30,7.3,20.2,0,3801,0,
20:40,7.4,20.1,0,3801,0,
20:59,7.6,20.1,0,3801,0,
21:09,7.7,20.2,0,3801,0,
21:19,7.7,20.2,0,3801,0,
21:29,7.7,20.2,0,3801,0,
21:39,7.6,20.2,0,3801,0,
21:49,7.6,20.2,0,3801,0,
21:59,7.6,20.2,0,3801,0,
22:09,7.7,20.1,0,3801,0,
22:19,7.7,20.1,0,3801,0,
22:30,7.8,20.1,0,3801,0,
22:40,7.8,20.1,0,3801,0,
22:49,7.8,20.1,0,3801,0,
22:59,7.9,20.1,0,3801,0,
23:09,7.9,20.1,0,3801,0,
23:19,7.8,20.2,0,3801,0,
23:29,7.8,20.1,0,3801,0,
23:39,7.7,20.1,0,3801,0,
23:49,7.7,20.2,0,3801,0,
