23:59,7.6,20.1,0,3801,0,
00:09,7.5,20.1,0,3801,0,
00:20,7.5,20.1,0,3801,0,
00:30,7.5,20.1,0,3801,0,
00:40,7.6,20.1,0,3801,0,
00:49,7.6,20.1,0,3801,0,
00:59,7.6,20.1,0,3801,0,
01:09,7.6,20.1,0,3801,0,
01:19,7.6,20.1,0,3801,0,
01:29,7.6,20.1,0,3801,0,
01:39,7.6,20.2,0,3801,0,
01:49,7.5,20.2,0,3801,0,
01:59,7.5,20.2,0,3801,0,
02:09,7.5,20.2,0,3801,0,
02:19,7.5,20.2,0,3801,0,
02:30,7.5,20.2,0,3801,0,
02:40,7.5,20.2,0,3801,0,
02:49,7.5,20.2,0,3801,0,
02:59,7.5,20.2,0,3801,0,
03:09,7.5,20.2,0,3801,0,
03:19,7.4,20.2,0,3801,0,
03:22,7.0,20.2,70,202,827462,
03:59,6.9,20.2,0,3801,0,
04:09,6.9,20.2,0,3801,0,
04:20,6.9,20.3,0,3801,0,
04:30,7.0,20.3,0,3801,0,
04:40,6.9,20.3,0,3801,0,
04:49,6.8,20.3,0,3801,0,
04:59,6.7,20.3,0,3801,0,
05:09,6.6,20.3,0,3801,0,
05:19,6.5,20.3,0,3801,0,
05:49,6.3,20.4,0,3801,0,
05:59,6.1,20.4,0,3801,0,
06:09,6.0,20.4,0,3801,0,
06:19,5.9,20.4,0,3801,0,
06:30,5.8,20.4,0,3801,0,
06:40,5.8,20.5,0,3801,0,
06:49,5.7,20.5,0,3801,0,
06:59,5.7,20.6,0,3801,0,
07:09,5.6,20.6,0,3801,0,
07:19,5.6,20.2,0,3801,0,
07:39,5.6,20.2,0,3801,0,
07:49,5.7,19.9,0,3801,0,
08:19,6.7,20.0,0,3801,0,
08:30,8.1,20.0,0,3801,0,
08:40,9.1,20.0,0,3801,0,
08:49,10.6,20.0,0,3801,0,
08:59,12.1,20.1,0,3801,0,
09:29,18.3,20.2,0,3801,0,
09:39,21.0,20.2,0,3801,0,
09:49,21.0,20.2,0,3801,0,
09:59,19.3,20.2,0,3801,0,
10:10,18.8,20.2,0,3801,0,
10:20,18.8,20.3,0,3801,0,
10:30,18.3,20.3,0,3801,0,
10:40,17.9,20.3,0,3801,0,
11:00,17.9,20.5,0,3801,0,
11:10,19.6,20.5,0,3801,0,
11:20,26.0,20.5,0,3801,0,
11:30,33.9,20.6,50,3801,0,
11:40,33.8,20.6,60,3801,0,
11:50,30.7,21.0,40,3802,0,
12:20,30.8,22.1,30,3802,0,
12:39,31.8,22.5,30,3802,0,
12:49,33.4,22.7,40,3803,0,
13:09,36.6,23.5,50,3803,0,
13:19,36.1,24.1,50,3803,0,
13:29,34.9,24.6,40,3803,0,
13:49,29.7,24.2,0,3804,0,
14:09,30.0,19.9,40,3804,0,
14:30,26.6,20.3,30,3804,0,
14:40,24.8,20.5,30,3804,0,
14:49,22.9,20.6,0,3804,0,
15:09,20.7,20.7,0,3804,0,
15:19,19.4,20.8,0,3804,0,
15:29,17.6,20.9,0,3804,0,
15:39,15.6,20.9,0,3804,0,
15:49,13.9,20.9,0,3804,0,
15:59,12.3,21.0,0,3804,0,
16:09,11.0,21.0,0,3804,0,
16:19,10.0,20.2,0,3804,0,
16:30,9.1,20.2,0,3804,0,
16:40,8.5,20.2,0,3804,0,
16:49,8.0,20.2,0,3804,0,
16:59,7.6,20.2,0,3804,0,
17:09,7.3,20.2,0,3804,0,
17:19,7.0,20.2,0,3804,0,
17:29,6.8,20.2,0,3804,0,
17:39,6.7,20.3,0,3804,0,
17:49,6.6,20.3,0,3804,0,
17:59,6.4,20.3,0,3804,0,
18:09,6.3,20.3,0,3804,0,
18:20,6.2,20.3,0,3804,0,
18:30,6.1,20.3,0,3804,0,
18:40,6.0,20.3,0,3804,0,
03:24,6.1,20.4,61,204,835645,
19:09,6.4,20.4,0,3804,0,
19:19,6.6,20.5,0,3804,0,
19:29,6.7,20.5,0,3804,0,
19:39,6.9,20.5,0,3804,0,
19:49,6.9,20.5,0,3804,0,
19:59,7.0,20.5,0,3804,0,
20:20,7.2,20.6,0,3804,0,
20:30,7.2,20.6,0,3804,0,
20:40,7.3,20.6,0,3804,0,
20:49,7.3,20.6,0,3804,0,
20:59,7.3,20.7,0,3804,0,
21:09,7.3,20.7,0,3804,0,
21:19,7.2,20.7,0,3804,0,
21:29,7.1,20.7,0,3804,0,
21:39,7.1,20.7,0,3804,0,
21:49,7.0,20.7,0,3804,0,
21:59,7.0,20.7,0,3804,0,
22:09,7.0,20.7,0,3804,0,
22:19,7.0,20.7,0,3804,0,
22:30,7.0,20.7,0,3804,0,
22:40,7.1,20.8,0,3804,0,
22:49,7.2,20.8,0,3804,0,
22:59,7.3,20.8,0,3804,0,
23:09,7.4,20.8,0,3804,0,
23:19,7.5,20.8,0,3804,0,
23:29,7.5,20.7,0,3804,0,
23:39,7.5,20.7,0,3804,0,
23:49,7.6,20.7,0,3804,0,
