23:59,7.6,20.7,0,3804,0,
00:09,7.6,20.7,0,3804,0,
00:19,7.6,20.7,0,3804,0,
00:30,7.6,20.8,0,3804,0,
00:40,7.7,20.8,0,3804,0,
00:49,7.7,20.8,0,3804,0,
00:59,7.7,20.8,0,3804,0,
01:09,7.8,20.9,0,3804,0,
01:19,7.8,20.9,0,3804,0,
01:29,7.8,20.9,0,3804,0,
01:39,7.8,20.9,0,3804,0,
01:49,7.8,20.9,0,3804,0,
02:00,7.7,21.0,0,3804,0,
02:09,7.7,21.0,0,3804,0,
02:20,7.6,21.0,0,3804,0,
02:30,7.6,21.0,0,3804,0,
02:40,7.5,21.0,0,3804,0,
02:50,7.3,21.1,0,3804,0,
02:59,7.2,21.1,0,3804,0,
03:09,7.1,21.1,0,3804,0,
03:19,7.2,21.2,0,3804,0,
03:39,7.3,21.2,0,3804,0,
03:32,7.3,21.2,73,212,868425,
03:59,7.2,21.3,0,3804,0,
04:09,7.1,21.3,0,3804,0,
04:40,6.9,21.3,0,3804,0,
04:59,6.7,21.4,0,3804,0,
05:09,6.6,21.4,0,3804,0,
05:19,6.6,21.5,0,3804,0,
05:29,6.5,21.5,0,3804,0,
06:20,6.5,21.6,0,3804,0,
06:30,6.5,21.6,0,3804,0,
06:40,6.4,21.7,0,3804,0,
06:49,6.4,21.8,0,3804,0,
06:59,6.4,21.8,0,3804,0,
07:09,6.5,21.9,0,3804,0,
07:19,6.6,21.4,0,3804,0,
07:49,6.7,21.0,0,3804,0,
08:00,6.9,21.0,0,3804,0,
08:09,7.3,21.0,0,3804,0,
08:20,7.7,21.0,0,3804,0,
08:30,8.3,21.1,0,3804,0,
08:49,9.1,21.1,0,3804,0,
09:09,10.4,21.2,0,3804,0,
09:19,11.0,20.6,0,3804,0,
10:09,14.3,19.9,0,3804,0,
10:20,14.2,19.9,0,3804,0,
10:30,14.7,20.0,0,3804,0,
10:40,15.5,20.0,0,3804,0,
11:10,17.4,20.0,0,3804,0,
11:30,15.8,20.1,0,3804,0,
11:40,15.5,20.1,0,3804,0,
11:50,15.2,20.1,0,3804,0,
12:00,15.2,20.2,0,3804,0,
12:10,15.1,20.2,0,3804,0,
12:20,14.9,20.2,0,3804,0,
12:29,14.9,20.2,0,3804,0,
12:39,16.3,20.3,0,3804,0,
12:49,17.0,20.3,0,3804,0,
12:59,17.4,20.4,0,3804,0,
13:09,17.6,20.4,0,3804,0,
13:19,16.9,20.5,0,3804,0,
13:29,16.3,20.5,0,3804,0,
13:39,15.2,20.5,0,3804,0,
13:49,13.9,20.5,0,3804,0,
13:59,13.0,20.6,0,3804,0,
14:10,12.5,20.6,0,3804,0,
14:20,12.6,20.6,0,3804,0,
14:40,12.1,20.6,0,3804,0,
14:49,11.8,20.6,0,3804,0,
15:09,10.7,20.7,0,3804,0,
15:19,10.1,20.7,0,3804,0,
15:40,9.6,20.8,0,3804,0,
15:49,9.3,20.9,0,3804,0,
15:59,9.1,20.9,0,3804,0,
16:20,8.7,20.6,0,3804,0,
16:30,8.5,20.5,0,3804,0,
16:40,8.4,20.6,0,3804,0,
16:50,8.3,20.6,0,3804,0,
16:59,8.2,20.6,0,3804,0,
17:20,8.1,20.7,0,3804,0,
17:59,8.0,20.9,0,3804,0,
18:10,8.0,21.0,0,3804,0,
18:19,7.9,21.0,0,3804,0,
18:30,7.9,21.0,0,3804,0,
18:40,7.9,21.1,0,3804,0,
18:49,7.9,21.2,0,3804,0,
19:19,7.8,20.3,0,3804,0,
19:29,7.8,20.3,0,3804,0,
